56 72 66 56 72 66 56 72 66 56 72 66 56 72 66 56 72 66 57 72 66 57 72 66 57 72 66 57 72 66 57 72 66 57 72 66 56 72 66 56 72 66 56 72 66 56 72 65 56 71 65 56 71 65 56 71 65 56 71 65 56 71 65 56 71 65 56 71 65 56 71 65 56 72 65 56 72 65 57 72 65 57 72 65 57 72 66 57 72 66 
56 72 66 56 72 66 56 72 66 56 72 66 56 72 66 56 72 66 57 72 66 57 72 66 57 72 66 57 72 66 57 72 66 57 72 66 57 72 66 57 72 66 57 72 66 57 72 66 57 72 66 56 72 66 57 72 66 56 72 66 57 72 66 56 72 65 57 72 65 57 72 65 57 72 65 57 72 65 57 72 65 57 72 66 57 72 66 57 72 66 
56 72 66 56 72 66 56 72 66 56 72 66 56 72 66 56 72 66 57 72 66 57 72 66 57 72 66 57 72 66 57 72 66 57 72 66 57 72 66 57 72 66 57 72 66 57 72 66 57 72 66 56 72 66 56 72 66 56 72 65 56 72 65 56 72 65 56 72 65 56 72 65 56 72 65 57 72 65 57 72 65 57 72 66 57 72 66 57 72 66 
56 72 66 56 72 66 56 72 66 56 72 66 56 72 66 56 72 66 56 72 66 56 72 66 57 72 66 57 72 66 57 72 66 56 72 66 56 72 66 56 71 65 56 71 65 56 71 65 56 71 65 56 71 65 56 71 65 55 71 64 56 71 64 55 71 64 56 71 64 56 71 64 56 71 65 56 71 65 56 71 65 56 72 65 57 72 65 57 72 65 
56 71 65 56 71 65 56 71 65 56 72 66 56 72 66 56 72 66 56 72 66 56 72 66 56 72 66 56 71 65 56 71 65 55 71 65 55 70 64 54 69 63 54 69 63 54 69 63 54 69 63 53 68 62 53 68 62 53 68 62 53 68 62 53 68 62 54 69 62 54 69 63 54 69 63 55 70 64 55 71 64 56 71 64 56 71 65 56 71 65 
55 71 65 55 71 65 55 71 65 55 71 65 56 71 65 56 72 66 56 72 66 56 71 65 56 71 65 55 70 64 54 70 64 53 69 63 52 67 61 51 66 60 51 65 60 50 65 59 50 65 59 50 65 58 50 64 58 50 64 58 50 64 58 50 65 58 50 65 59 51 66 60 52 67 61 53 68 62 54 69 63 55 70 64 56 71 64 56 71 64 
54 69 63 54 70 64 54 70 64 55 70 64 55 71 65 55 71 65 55 71 65 55 70 64 54 70 64 53 69 63 52 67 61 51 65 60 49 63 58 47 62 56 46 60 55 45 60 54 45 59 53 45 59 53 45 59 53 44 59 53 45 59 53 45 59 53 46 60 54 47 62 55 49 63 57 50 65 59 52 67 61 54 69 62 55 70 63 55 70 63 
52 68 62 53 68 62 53 69 63 54 70 64 54 70 64 55 70 64 54 70 64 54 69 63 53 68 62 51 66 60 49 64 58 47 62 56 45 59 53 42 57 51 41 55 49 40 54 48 39 53 48 39 53 47 39 53 47 39 53 47 39 53 47 40 54 48 41 55 49 42 57 51 45 59 53 47 62 55 50 64 58 52 67 60 53 68 62 54 69 62 
51 66 60 51 67 61 52 67 61 53 68 62 54 69 63 54 69 63 53 68 63 52 67 61 50 65 59 48 63 57 45 60 54 43 57 52 40 55 49 38 52 46 36 50 44 35 49 43 34 48 42 34 48 42 34 48 42 34 48 42 35 48 42 35 49 43 37 50 45 38 52 46 41 55 49 44 58 52 47 61 55 50 65 58 52 67 60 52 67 61 
49 65 59 49 65 59 50 66 60 52 67 61 52 68 62 52 68 62 52 67 61 49 64 59 47 62 56 44 59 53 42 56 50 39 54 48 37 51 45 35 49 43 33 47 41 32 46 40 31 45 39 31 45 39 31 45 39 31 45 39 32 45 39 32 46 40 33 47 41 35 49 43 37 51 45 40 54 48 44 58 52 48 62 56 50 65 59 51 65 59 
48 63 57 48 63 57 49 64 58 50 66 60 51 66 61 51 66 60 49 64 58 46 61 55 43 58 52 40 54 48 38 51 46 36 50 44 35 49 43 34 47 42 32 46 40 31 45 39 31 44 39 30 44 38 30 44 38 30 44 38 31 44 38 31 44 39 32 45 39 32 46 40 34 48 42 37 50 44 41 55 49 46 60 53 49 63 57 49 64 57 
46 61 56 47 62 56 48 63 57 49 64 58 50 65 59 49 64 59 47 62 56 44 58 52 40 54 48 37 50 45 34 48 42 34 48 42 34 48 42 34 48 42 34 47 42 33 47 41 32 46 40 32 46 40 32 45 40 32 45 39 31 45 39 31 45 39 31 44 38 31 44 38 32 45 39 34 48 42 39 53 47 44 58 52 47 61 55 48 62 56 
45 60 55 46 61 55 47 62 56 48 63 57 49 64 58 48 63 57 46 60 54 42 56 50 38 51 46 34 48 42 33 46 40 33 46 41 34 48 42 35 49 43 36 49 44 35 49 43 35 49 43 34 48 42 34 48 42 33 47 41 33 46 41 32 45 39 31 44 38 30 43 37 30 43 37 33 46 40 38 51 45 43 57 50 46 60 54 47 61 55 
45 60 54 45 60 54 46 61 55 48 62 57 48 63 57 47 62 56 44 58 53 40 54 48 36 49 44 33 46 40 32 45 39 33 46 40 35 48 43 37 51 45 38 52 46 38 52 46 37 52 46 37 51 45 36 50 45 36 50 44 35 48 42 33 47 41 31 44 38 29 42 37 29 42 37 32 45 39 37 50 44 42 56 50 46 60 53 46 60 54 
44 59 53 45 59 54 46 60 55 47 62 56 48 62 56 46 61 55 43 57 51 39 52 47 34 48 42 32 44 39 31 44 39 33 46 41 37 50 44 39 53 47 41 55 49 41 55 49 41 55 49 40 54 48 40 54 48 38 53 47 37 51 45 35 48 42 32 45 39 30 42 37 29 42 36 32 45 39 37 50 44 42 55 49 46 59 53 46 59 53 
44 59 53 45 59 53 46 60 55 47 61 56 47 61 56 46 60 54 42 56 50 37 51 45 34 46 41 31 44 38 31 44 39 34 47 41 38 51 46 42 55 50 44 58 52 44 59 53 44 58 52 43 58 52 43 57 51 42 56 50 40 53 48 37 50 44 33 46 40 30 43 37 30 42 37 32 45 39 37 50 44 42 55 49 46 59 53 46 59 53 
45 59 53 45 59 53 46 60 54 47 61 55 47 61 55 45 59 53 41 55 49 37 49 44 33 45 40 31 43 37 32 44 39 35 47 42 40 53 47 44 58 52 47 61 55 47 62 56 47 62 56 47 61 55 46 60 54 45 59 53 42 56 50 39 52 46 35 47 42 31 44 38 31 43 37 33 45 39 37 50 44 42 55 49 46 59 53 46 59 53 
44 59 53 45 59 53 46 60 54 47 61 55 47 61 55 44 58 53 41 54 48 36 49 43 32 44 39 30 42 37 32 44 38 36 48 42 41 54 48 46 59 53 49 63 57 50 64 58 50 64 58 49 64 57 48 63 57 47 61 55 44 58 52 40 53 48 36 48 43 32 44 39 31 43 37 33 45 40 38 50 45 43 56 50 46 59 53 46 59 53 
45 59 53 45 59 53 46 60 54 46 61 55 46 60 55 44 58 52 40 53 47 35 48 42 32 43 38 30 42 36 32 44 38 36 48 43 42 54 49 47 60 54 50 64 58 51 65 59 51 65 59 50 65 59 50 64 58 48 62 56 45 58 53 41 54 48 36 48 43 32 45 39 31 43 38 34 46 40 38 51 45 43 56 50 46 59 53 46 59 53 
45 59 53 45 59 54 46 60 54 46 61 55 46 60 54 43 57 52 39 52 47 34 47 41 31 43 38 30 42 36 32 44 39 36 49 43 42 55 49 47 61 55 51 64 58 52 66 60 52 66 60 51 66 59 50 64 58 48 62 56 45 59 53 41 54 48 36 48 43 33 45 39 32 44 38 34 47 41 39 52 46 44 57 51 46 60 53 46 60 53 
45 59 53 45 59 54 46 60 55 46 61 55 46 60 54 43 57 51 39 52 46 34 46 41 31 43 37 30 42 36 32 44 39 37 49 43 42 55 49 47 60 55 50 64 58 51 65 59 51 65 59 50 65 58 50 63 57 48 61 55 45 58 52 41 54 48 36 48 43 33 45 39 33 45 39 35 48 42 40 53 47 44 57 51 47 60 54 47 60 54 
45 59 53 45 59 54 46 60 55 46 61 55 46 60 54 43 57 51 39 52 46 34 47 41 31 43 37 30 42 36 32 44 39 36 48 43 41 54 48 45 58 53 48 61 56 49 63 57 49 63 57 48 62 56 47 61 55 46 60 53 43 56 51 40 53 47 36 48 43 33 46 40 33 46 40 36 49 43 41 54 48 45 58 52 47 60 54 47 60 54 
45 59 53 45 60 54 46 60 55 47 61 55 46 60 55 44 57 52 40 53 47 35 47 42 31 43 38 30 42 37 31 43 38 34 46 41 38 51 45 42 55 49 44 57 51 45 58 52 45 58 52 44 58 52 44 57 51 43 56 50 41 54 48 38 51 45 36 48 43 34 47 41 35 47 41 38 50 44 42 55 49 45 58 52 47 60 54 47 60 54 
45 59 54 45 60 54 46 61 55 47 61 56 47 61 55 44 58 53 40 54 48 36 49 43 32 44 39 30 42 37 30 42 37 32 44 39 35 47 42 37 50 45 39 52 46 40 53 47 40 53 47 39 53 47 39 53 47 39 52 46 38 51 45 37 50 44 36 48 42 35 48 42 36 49 43 39 52 46 43 56 49 45 59 52 47 60 54 47 60 54 
45 60 54 45 60 54 46 61 55 47 62 56 47 61 56 45 59 53 41 55 49 37 50 44 33 45 40 30 42 37 29 41 36 30 42 37 32 44 38 33 46 40 34 47 42 35 48 42 35 48 42 35 48 42 35 48 42 35 48 42 35 48 42 35 48 42 35 48 42 36 49 43 38 51 45 40 54 47 43 57 50 46 59 53 47 60 54 47 60 54 
46 60 55 46 61 55 47 62 56 48 62 57 48 62 56 46 60 54 42 56 50 38 51 45 34 46 41 30 43 37 29 41 36 29 41 36 30 42 37 31 43 38 32 44 39 32 45 39 32 45 39 32 45 39 33 46 40 33 46 40 33 46 40 34 47 41 35 48 42 36 49 43 39 52 46 41 55 49 44 58 51 46 60 53 47 61 54 47 61 54 
46 61 55 46 61 56 47 62 56 48 63 57 47 62 56 45 60 54 42 55 50 37 51 45 34 46 41 31 43 38 29 41 36 29 41 36 30 42 37 30 43 37 31 44 38 31 44 38 31 44 39 31 45 39 32 45 39 32 45 39 32 45 39 33 46 40 34 47 41 36 49 43 39 52 46 42 56 49 45 59 52 47 60 54 47 61 55 47 61 54 
46 61 56 47 62 56 48 62 57 48 63 57 47 62 56 45 59 53 41 55 49 37 50 45 34 46 41 31 44 38 31 43 37 31 43 37 31 44 38 31 44 39 32 45 39 32 45 39 32 45 39 32 45 39 32 45 39 32 45 39 32 45 39 32 45 39 33 46 40 36 49 43 39 53 46 43 56 50 46 59 53 47 61 55 48 61 55 47 61 55 
47 62 56 47 62 56 48 62 57 48 62 56 46 61 55 43 57 52 40 53 47 36 49 43 33 46 40 32 45 39 32 45 39 33 46 40 34 47 41 34 47 41 34 47 41 34 47 41 34 47 41 33 47 41 33 46 40 32 45 39 31 44 38 31 44 38 32 45 39 35 48 42 39 52 46 43 57 50 46 60 54 48 61 55 48 62 55 47 61 55 
47 62 56 47 62 56 48 62 57 47 62 56 45 60 54 42 56 50 38 51 46 35 48 42 33 46 41 33 46 40 34 47 42 36 49 43 37 50 44 37 50 44 37 50 44 36 50 44 36 50 44 35 49 43 34 48 42 33 46 40 31 44 38 30 43 37 31 44 38 34 47 41 39 52 46 43 57 51 47 60 54 48 62 55 48 62 55 48 61 55 
47 62 56 47 62 56 48 62 57 47 62 56 45 59 54 41 55 50 38 51 45 34 48 42 33 46 40 34 47 41 36 48 43 37 50 44 38 51 45 38 52 46 38 51 46 37 51 45 37 51 45 36 50 44 35 48 42 33 46 40 31 44 38 30 43 37 31 43 37 34 47 41 39 52 46 44 57 51 47 61 54 48 62 55 48 62 56 48 62 55 
47 61 56 47 62 56 47 62 56 46 60 54 43 57 51 39 53 47 35 48 43 33 45 40 33 46 40 35 48 42 38 51 46 41 54 48 43 56 50 43 57 51 43 57 51 42 56 50 42 56 50 40 54 48 38 51 46 35 48 42 32 44 38 30 42 36 30 43 37 33 46 40 39 52 46 44 57 51 47 61 54 48 62 55 48 62 55 47 61 55 
47 61 56 47 62 56 47 61 55 45 59 54 42 56 50 38 51 46 34 47 42 33 45 39 33 45 40 36 49 43 40 53 47 43 56 50 45 58 53 45 59 53 45 59 53 45 59 53 44 58 52 43 57 50 40 53 47 36 49 43 32 45 39 30 43 37 31 43 37 34 46 40 39 52 46 44 57 51 47 61 54 48 62 55 48 62 55 47 61 54 
46 61 55 47 61 55 47 61 55 45 59 53 42 55 50 38 51 45 34 46 41 32 44 39 34 46 40 37 49 44 41 54 48 44 58 52 47 60 54 47 61 55 47 61 55 47 61 55 46 60 54 44 58 52 41 55 49 37 50 44 33 46 40 31 43 37 31 43 37 34 46 41 39 52 46 44 57 51 47 61 54 48 62 55 48 61 55 47 61 54 
46 61 55 46 61 55 46 60 55 44 58 52 41 54 49 37 50 44 33 46 40 32 44 39 34 46 40 37 50 44 42 55 49 45 59 53 48 61 55 49 63 56 49 63 57 48 62 56 47 61 55 46 60 53 42 56 50 38 51 45 34 46 40 31 43 38 31 43 38 35 47 41 40 52 46 44 57 51 47 61 54 48 62 55 48 61 55 47 61 54 
46 61 55 46 61 55 46 60 54 44 58 52 41 54 48 36 49 43 33 45 40 32 44 38 34 46 40 38 50 44 42 55 49 46 59 53 48 62 56 49 63 57 49 63 57 48 63 57 48 62 56 46 60 54 43 56 50 38 51 45 34 46 40 31 44 38 32 44 38 35 47 41 40 53 47 45 58 51 48 61 54 48 62 55 48 61 55 47 61 54 
46 61 55 46 61 55 46 60 54 43 57 52 40 53 48 36 48 43 32 45 39 31 43 38 33 45 40 37 50 44 42 55 49 45 59 53 48 61 55 48 62 56 48 62 56 48 62 56 47 61 55 46 59 53 42 56 50 38 51 45 34 46 40 32 44 38 33 45 39 36 48 42 41 54 47 45 58 52 48 61 55 48 62 55 48 61 55 47 61 54 
46 61 55 46 61 55 46 60 54 43 57 51 39 53 47 35 48 42 32 44 39 31 43 38 33 45 40 37 49 44 41 54 48 44 57 52 46 60 54 47 61 55 47 61 55 47 60 54 46 60 54 45 58 52 42 55 49 37 50 44 34 46 40 32 44 38 33 45 39 37 49 43 42 54 48 46 59 52 48 61 55 48 62 55 48 61 55 47 60 54 
46 61 55 46 61 55 46 60 54 43 57 51 39 52 47 35 48 42 32 44 38 31 43 37 33 45 39 36 48 43 40 52 47 42 55 49 44 57 51 44 58 52 44 58 52 44 58 52 44 57 51 42 56 50 40 53 47 36 49 43 33 46 40 32 45 39 34 46 40 38 50 44 43 56 49 46 60 53 48 62 55 48 62 55 48 61 55 47 61 54 
47 61 55 47 61 55 46 60 54 43 57 51 39 53 47 35 48 42 32 44 38 30 43 37 32 44 38 34 47 41 37 50 44 39 52 46 40 53 47 41 54 48 41 54 48 40 54 48 40 53 47 40 53 47 38 51 45 35 48 42 33 46 40 33 45 39 35 48 41 39 52 46 44 57 50 47 61 54 49 62 56 49 62 56 48 62 55 47 61 54 
47 62 56 47 62 56 46 61 55 44 58 52 40 53 48 35 48 43 32 44 39 30 42 37 31 43 37 32 44 39 34 46 41 35 48 42 36 49 43 36 49 43 36 49 43 36 49 43 36 49 43 36 49 43 36 49 43 34 47 41 34 46 40 34 47 41 37 49 43 41 54 47 45 58 52 48 62 55 50 63 56 49 63 56 48 62 55 48 61 54 
48 62 56 48 62 56 47 61 55 44 58 52 41 54 48 36 49 44 32 45 39 30 43 37 30 42 36 31 43 37 32 44 39 33 45 39 33 46 40 33 46 40 33 46 40 33 46 40 34 47 41 34 47 41 35 48 41 34 47 41 35 47 41 36 48 42 38 51 45 42 55 49 46 60 53 49 63 56 50 64 57 50 63 57 49 63 56 48 62 55 
48 63 57 48 63 57 47 62 56 45 59 53 42 56 50 37 51 45 34 47 41 31 44 38 30 43 37 31 43 37 31 44 38 32 44 38 32 45 39 32 45 39 32 45 39 32 45 39 33 46 40 34 47 41 35 48 42 35 49 42 36 49 43 38 51 45 41 54 47 44 57 51 47 61 54 50 64 57 51 65 58 50 64 57 49 63 56 49 63 56 
49 64 57 49 64 57 48 63 57 46 61 54 43 57 51 39 53 47 36 49 43 33 46 41 32 45 39 32 45 39 32 45 39 32 45 39 33 46 40 33 46 40 33 46 40 33 46 40 34 47 41 35 48 42 36 50 43 37 51 45 39 52 46 40 54 47 43 56 50 46 59 53 49 62 56 50 64 58 51 65 58 51 65 58 50 64 57 50 64 57 
49 64 58 49 64 58 49 64 57 47 62 56 45 59 53 42 56 50 39 52 46 36 50 44 35 48 43 35 48 42 35 48 42 35 48 42 35 48 42 35 48 42 35 48 42 35 49 43 36 50 43 37 51 44 39 52 46 40 54 47 41 55 49 43 57 50 45 59 52 47 61 54 50 64 57 51 65 58 52 66 59 51 66 59 51 65 58 50 65 57 
50 65 59 50 65 59 50 64 58 48 63 57 47 61 55 44 58 52 42 56 50 40 54 47 39 52 46 38 52 46 38 51 45 38 51 45 38 51 45 38 51 45 38 52 45 38 52 46 39 53 46 40 54 47 41 55 49 43 57 50 44 58 51 45 59 53 47 61 54 49 63 56 51 65 58 52 66 59 52 66 59 52 66 59 52 66 59 51 65 58 
50 65 59 50 65 59 50 65 59 49 64 58 48 63 56 46 61 54 44 59 52 43 57 51 42 56 50 41 55 49 41 55 48 41 54 48 41 54 48 41 55 48 41 55 49 41 55 49 42 56 49 42 57 50 44 58 51 45 59 52 46 60 54 47 61 55 49 63 56 50 64 57 51 66 59 52 67 59 53 67 60 53 67 60 52 67 59 52 66 59 
51 66 59 51 66 59 51 66 59 50 65 59 49 64 58 48 62 56 46 61 54 45 59 53 44 58 52 43 57 51 43 57 51 43 57 51 43 57 51 43 57 51 43 57 51 43 57 51 44 58 51 44 59 52 45 60 53 46 61 54 48 62 55 49 63 56 50 64 57 51 65 58 52 66 59 52 67 60 53 67 60 53 67 60 53 67 60 53 67 60 
51 66 59 51 66 59 51 66 59 50 65 59 49 64 58 48 63 56 47 61 55 46 60 54 45 59 53 44 58 52 44 58 52 44 58 51 44 58 51 44 58 51 44 58 52 44 58 52 45 59 52 45 59 53 46 60 54 47 61 55 48 62 56 49 63 56 50 64 58 51 66 59 52 66 59 53 67 60 53 67 60 53 67 60 53 67 60 53 67 60 
51 66 59 51 66 59 51 66 59 50 65 59 49 64 58 48 62 56 46 61 54 45 59 53 44 59 52 44 58 52 43 57 51 43 57 51 43 57 51 43 57 51 43 58 51 44 58 51 44 58 52 45 59 52 46 60 53 47 61 54 48 62 55 49 63 56 50 64 57 51 65 58 52 66 59 53 67 60 53 67 60 53 67 60 53 67 60 53 67 60 
